-9 -0 -19 -3 10 12
-3 18 19 -14 9
4 -19 -8 -5
7 -14 9 10
17 13 -3 -18 9
-0 7 16 15 -9
9 -2 -3 4 12 -10 11
-14 19 7 -12 18 -10
17 -0 12
18 6 -2 9 16 -0
-1 -3 8 16 -15
9 -10 19 -7 -0 17 11
2 9 -3 -19
5 18 17
17 13 15 19 -6
14 -17 8 -7 -18 5 13
-3 2 -8 -19 14
-14 -9 1 0 -5
-0 -14 -7 -9 -11
-8 -11 9 18 -16 10 19
-17 -10 3 -14 13 12 4
14 -5 -11
7 -12 -13
-10 -13 -17 -16 -18 -5
-4 -0 8
5 19 18 -3
-17 12 -14
-16 8 15 14 -10 19
-2 -4 -18 -8 -19 -10
-5 -13 14 19 3 0
3 -18 -6 -10 11 -13
18 -0 17 -9 -8
-7 -14 9
17 4 12 -2
19 15 -10 -17 -14 -1 11
18 -2 -7 -10 -11
14 -5 -9 11 3 6 1
15 18 -11
13 -2 -5
19 -10 -2 -3 5 -12 -6
-13 -14 -11
7 -15 17 -1 -3
18 -14 15
11 5 19 15 -4 14 -10
17 -11 15 4 -13 14 18
-5 -14 10 -9 0 -18
6 5 -16 11 13 -14
19 13 1 12
0 -11 -8 -5 12 -13
-12 19 -9 11
-2 -6 -14
5 4 19 -2 -17
-4 -5 11 7 18 -10 -8
1 15 -11 -18
0 -18 -14 -3 -7
2 9 16 -13
11 3 16 0 13 -6 -14
16 -7 -9 12 -11 1 17
16 19 -10
13 -2 -12 -4
-1 8 12 -13
-7 -17 -4 5
1 -18 14
15 13 8 -9 -6 -2
7 12 13 -0 -18 -2
7 13 15 -5
5 18 -12 -7
-2 -13 12 0 -3
6 12 14 -2 17 9
6 4 3 -9 15 8
18 17 -1 15 -8 10 -5
8 0 -7 17 -11 -6
-12 -11 14 5 -4
-3 -18 -0 9 14
-11 -2 5
8 4 -11 5
5 14 6 12 17
-18 16 -2
16 1 -0 -12 -19
-16 -0 -19 -3 15
5 -6 -13 18
1 0 16 11 15 18 -2
-6 -11 -4 -19 13 -18
-16 -0 -1 -8
6 4 -17
-2 -11 13 -17 14 -19 -6
18 16 17 1
-0 -14 -15 -7 -12
-14 6 16 15 -0
16 4 -12 14 11 -19
-9 -13 -6 -2 -12
5 -9 -16
-10 -3 -8 -4
4 0 -14 -11
-18 -12 1 -15 6 -14 -3
15 -16 14 19 -12
-16 -2 -9 15 -6 -11
5 4 -13 3 -2 -11
-13 -14 3
17 6 -14

10 19 -4 -13 8 -17
-12 -16 4
12 -2 6 15 19
-0 -6 -16 8 15 -1 -10
-11 14 -10 5 -16 -2 -0
-18 -0 19 15 -9 -11 14
12 -5 -9 6
19 -5 -14 -2 10 -8
-9 -1 -11
-1 7 15 12
19 5 3
9 13 -12 -11 5
12 1 13 2 -8 -9
-11 -16 1
-17 -4 0 -1 -6
14 2 9 8 -0
-2 16 -0 -8
7 1 -15
9 -15 19 11 4 -12
17 12 -8 16 -11 -10 6
-10 -9 -11 18 -5 -2
4 19 -9 5
-10 3 6 -12 2
4 7 17
14 16 -11 -4 -9 7
-0 -11 -6 -13 -8
19 -11 -17 -15 2
-5 -14 -15
8 -4 5 15 13 19 12
-5 11 -6 -16 9 -1
17 -15 -14 3
9 0 -1 -12 17 -15 8
4 18 3 8 -16
-17 8 -12 -2
1 10 14 16 4 17 9
-11 -5 14 -19 9
-7 13 -8 3 6 4
1 -6 -18 -11
12 0 4 -19 -11
18 -12 -16
-14 -6 -5 -11 -2 4 10
10 1 -5 9 7
-18 11 7 -9
16 12 -0 -17 -10 9 -18
-14 12 -11 -4
-16 -1 19 9
-10 -19 17 5 3
11 15 7
8 16 5 10 -19 -1
8 3 15
1 4 -10
-5 12 -19 1
-18 -17 1 -5 19
14 16 -3 10 9 8 -4
-10 6 -16
-11 3 14 -2 -5 4
-19 -8 17
8 -16 -0 -17 -19
4 -5 -11
4 -2 5 9 -19 -18
-14 -16 10 -18
17 11 13 5 3 14 12
7 12 6 -11 2 10
15 -1 -7 -6 12 4
19 3 -7 -12 16 -6 -18
-18 4 -1 -9 -2 12 8
-5 -19 0 18 -16 9
7 9 -17
10 8 -6 -14 11
-5 1 -11 2 17 8 -15
-1 13 4 -15
-5 19 -7
-10 8 -3 -18 1 -11
15 19 -18
-14 8 9 -13
-1 -12 19 15 -6 -2
0 19 -10 6 7 -2
9 -6 7 15 12 -4 0
0 8 12
14 -11 -5
13 -18 9 -16 -11 1 0
-7 -10 18 -17 12 6
-2 -6 -17
-19 8 15
-11 -1 -0
-7 12 -0 -17 -2 13
-12 7 -19 -2 4 -18 10
14 11 -17 -15 -16 -7
1 12 18 7 -14 -11
8 -14 -1 -11 -4 2
-12 -18 -15 -10 -8
-10 -18 -13 2 -15 -7
-17 16 12 -5 13 -19
11 -14 18 -19 -1
-13 -2 -11
6 14 -5 11 -18
-13 6 -4 -5 19 -18 -0
-19 9 7 4 12 15 -18
-9 1 10 8
7 -6 15 5 19 -3 1

-6 9 -7 8 15 -4 5
-14 -19 -1 7 -2 3 4
-15 10 6
-17 14 13 -7 12
-12 -15 11 -5 16 -0
-4 11 -12
6 8 14 -13 -1 5
-6 -0 -1
-0 -6 -19 14 -16 -15 -13
18 15 14 -2 3 -19 -8
-17 18 1 14 -4 6
-13 15 2 8
-1 18 -0 -2 5 -14 7
-8 5 -14 -1 -18 -4
-8 -6 -4
-13 -15 -8 3 -10 17 16
-0 6 -18 8 9 19
-7 -1 -11 -14 -2 15
-16 15 5 6 3 -8 0
15 -4 6
7 -1 -10 -19 9 17
9 -4 -18 8
-7 -0 11 15 19 18 2
-5 -13 -11 12 -3 -7 -6
11 5 -1 -15 -12 0 -17
-16 17 -19 7
-2 5 11 -4
13 15 10 -16 -2 -12
-17 -11 4 5
17 -8 11 10 4 -0
15 17 -11 19 9 -0
12 13 -14 2
6 -18 14 -2 -5
-18 -17 0 14 9 -8 -13
13 -2 5
-0 -8 -19 -9 -17
-14 16 -0 18 2
8 -17 19 6 -0 -18 -1
2 -8 -11 4 13 18
3 -7 15 -14 -10
18 -10 14 -3
-9 17 1 -19
8 -9 -11 12 -13 6 -16
0 -4 16 12 3 13 2
-8 -1 -11 2 0 -19 -13
0 -14 -19 5 1 11 3
19 -8 16 -12 -5
3 -5 -13 -4 10 -19 16
-2 -13 -7 19
-13 -5 -7 12 16
-8 -13 -17 -11 7 5
-7 -4 -16
5 -13 -15 -18
14 -5 12 16
-19 -6 -13
-17 12 11 -13 1 7 -10
-18 -15 5 -0 11 9 17
0 -18 5 -7
13 8 -16
-5 -0 8
-8 12 16 4 9 -15
16 -19 -1 -8 -12 4 17
3 11 -5
5 18 15 0 -13 16
14 -10 17 15 11 -9 -2
10 -14 9 -4 -3 11 -7
-3 2 19 -13 11
7 -3 1 18 -12 10 -0
-4 2 16 0
-2 -12 15 -18
10 11 -0 -6
-17 -19 4 3 -9
-2 -18 -0
-18 -1 7 15 9
-18 1 5
-2 -4 -14 9 5
-5 6 12 19 18 16 -4
6 -1 17 13 -10
11 15 8 -13 -16 -14 7
18 10 -6 -4 15 11
14 -8 -1 -2 19 -3
-14 -0 -19 -6 3
-6 8 12
2 9 -12 -13 -3 6 -15
15 -16 6 2 1
-3 14 -18 5
12 -14 -15 -10
9 -18 -0 -13 12 10
-1 11 -13 -18 5 12 -16
-15 -14 3 -18 16
-4 1 -13 7 3
6 -11 17 -1 -5
-9 -13 19 5 -10
3 -12 16
-1 6 3 8
0 19 -2 -16 -18 15 -11
-8 12 3
-4 -7 3 -11 -15 10 -16
5 -4 -3 -8 -0
-3 -19 10 2

-16 -1 6 -10 11 7
11 17 -6 13 -9
15 1 2 -6 16 3 -13
-16 0 2 -18 10 15
-14 -1 -5 -8
11 -12 3 9
-1 -11 -8 6 -19 -14
-18 9 0 -15 10 -8
5 -8 1 -4 -13
9 -15 10
-0 -5 -14 15 -4 -17
0 -11 -14 6
10 14 -1 18 7
-15 -19 -4 12 -13
12 0 -16 -10 -4 15 -17
-7 0 -12 5 -2
2 9 11 -8 7 -12
9 7 19 6 10 -4
-9 12 -3 7
6 9 -2 -19
-2 14 7 0 -11 -8
-11 1 -9 -18 7 -4
-4 7 8
16 6 -5 12 9 -19
16 -9 0 17 -18
3 -1 -13
8 -7 17 -5 -12 -4
-4 0 7 -8 3 -5
7 14 5 -3 -0 15
-0 7 -3
-7 -8 -0 -5 -3
-5 -18 9 8
6 -1 -16 -3 -4
4 -3 10 -7 -8 1 12
-6 2 -3 -11
-1 -18 -11 -5
0 -17 -14 16 11
16 -2 12 -7 -9 -11 0
5 -8 9 15 -14 -3
2 -16 -3 -18 9 -8
4 15 -19
10 -12 11 9 13 -6 19
6 -18 -13 16 -4 -10 -1
15 -13 3 -7
3 -5 -1 -19 -15 2
-5 17 -15 7
-9 -13 11 5 -10 1 0
10 7 -18 -3
2 3 6
-7 15 -14 5
4 3 8 13
-17 -19 7 18 13 -2
9 18 12 -3 13
4 12 1
17 -13 -0 12 8 -9 14
10 6 1 14
5 -6 2 8 -12
2 -11 8 7
7 12 9 -11 18 -3
4 1 17 -12 -6 -7
0 -1 16 6 -4 -8
4 -8 -9 17 -19
16 -8 15 0 -1 11 19
-1 -12 -3
5 11 15 9 -14 -17
-14 -5 -7 17 -19 -8
-4 3 -10 -9 -14 -19
-14 6 -19 8
10 4 0 -17
-16 -10 -17 18 -1
13 17 8 -7 3 10
-3 4 -19 -18
1 2 10
-4 -13 10 14 -12
-18 -0 17 -2 -14
1 -13 8
-12 2 -4 9 -5 6
16 -7 14 9 -8
12 7 -13
0 10 14 1 -11 -16
17 -1 12 -8 -4 10 13
4 -5 11
-1 -19 -0 -14 -3 15 13
-2 16 6 8 -9
-8 -10 9 -4 2 -14 15
7 5 -0 8 -6 17
8 -5 -0
-17 -3 0 18
-19 4 0 -17
-19 13 -12 16
-13 -9 15 -14
-1 -13 -16 -6 -8 -3
12 14 15
9 18 16 12
11 7 17
-5 13 -0 18 -10 -3
13 10 8 12
16 11 -2 0 14 10
-8 6 -9 3 -5 -16
-15 0 11 -19 10 16 -4

-1 6 15
-5 13 8 15 -6 -18 -0
5 17 -6 13 12 14 8
14 -9 2
13 7 10 1
-2 7 -9 -10 1
6 -1 7
-13 -9 -10 8
8 5 -9
-16 4 14 15 5
-0 14 -10 13
-17 -11 5 6 14 9 4
-1 -10 -2
-9 -17 11 8
1 -12 3 13 -15
-16 7 -14 19 -0
-4 18 -5 -6 -2 1 12
-9 3 8 2 -19 13
-19 -6 -17
12 16 -6 9 5
-18 -19 3 9 -8 -0 14
1 9 -4 2
-0 12 -15 -7 -14 -1 -18
12 7 -17 11 9 -19
8 -10 17 5 18 -13 1
-11 -3 10 8 2 0
9 17 19 -18 4 14
14 -15 -19 11 -7
4 15 5
19 8 16 17 -11
14 -11 -19
-14 -8 -11 -10 -13 12 -19
9 -3 -17
15 1 -10
18 -1 16 -4 -3 -19 -5
4 -15 -10 12 0
-8 1 12 -2 -19 5
19 -16 2 -8
-5 7 9 -16 -14 -6
-13 -1 6 -19
10 -6 -12 -8 18 -9
-15 13 -18 6
-1 15 -19
3 -12 0 -4
-5 16 18 2
3 5 -12 2
-7 14 15 -1 12
3 4 -10
0 -14 18 -10
-15 7 9 14
4 19 0 -15
-16 -10 -8 -17 -9 2
6 -3 -17 -18 -7
0 -11 16 -2 3
-19 -18 6 8 -12 -2 -14
11 -13 7 -19
11 18 16 -12 1
16 8 9
7 0 -19 -8 14
-3 6 13 16 15 12
-5 9 -14 -16 12 -15 -1
-17 -11 -5 4 -8 0
-3 -6 12 15 8 14
18 -7 -5 -2 -13 -15
-16 6 -17 15 -8 13 -9
-19 -7 -15 13
-4 -3 18
5 -18 6 -12
-16 -10 18 -2 19 -3 9
6 -18 -10 -0 -19 7 -12
18 16 -15 6 -5 -11
-14 18 5 -16
8 7 -2 10 16 4 -17
-4 14 2 12
-5 2 -7
5 -3 -10
2 -11 19
16 -11 6 9 19 13 8
11 -1 18 14 -3 4
-14 3 13 2 12 15
8 1 5
-4 7 -13 -2
13 -9 14 -11 7 18
-2 13 -15 -17 -1 12 -14
9 -6 -16 17 15
-16 -4 12 -6 9
-13 16 -15 8 2
3 -15 -4 13 10 8 -19
17 13 -12 0 5 -9 -1
-15 -12 8 18 -19 7 16
-19 17 6 14
-2 -15 19 -5 -17 1
-10 1 7 4 2
6 -2 5
-17 2 -7
13 1 -17
13 -8 -10
7 13 -4 19 8 18 -5
-3 7 -15 1 14
2 13 -9 8 16 -1 -18

41 46 -72
-45 -8 32
-48 -51 8
38 -36 -72
-67 42 -23
-72 -10 -45
-57 -35 -4
5 -31 -28
-48 -39 18
46 60 74
69 -22 55
-21 -48 -6
-43 -5 -15
-50 -65 39
-52 27 24
36 -24 20
-64 60 -57
66 13 37
-12 32 -56
-61 -67 29
-68 47 65
51 66 20
47 38 -0
56 12 -31
-50 -40 22
-21 -6 51
-24 -0 43
-41 58 -0
-69 -26 -21
63 -0 18
-50 38 -74
-11 10 -20
17 -29 25
-21 40 -23
44 -74 15
-63 -55 38
42 6 19
-22 60 -7
56 -14 45
-49 -16 47
-28 -60 -52
16 37 -31
67 -50 -65
-7 38 48
35 -19 -24
-9 51 59
-16 41 -62
-61 -41 55
-19 -6 13
-8 33 -0
51 -71 73
-56 27 -23
-31 33 40
-60 -28 -50
-57 -8 38
-63 20 21
-22 6 20
-67 28 -51
47 54 30
-45 -2 40
-9 25 39
-67 -45 8
3 54 -30
49 41 -8
-7 -12 -15
-14 -28 45
-37 68 -62
54 -48 53
-14 -36 11
-4 -33 -54
41 -37 5
62 33 39
3 -8 -47
62 -0 -45
72 -35 46
-4 -64 -65
15 33 17
14 4 -69
73 -9 12
-64 -27 52
-70 53 42
48 29 -57
10 -1 -34
-6 -53 11
55 47 -42
31 44 -16
-7 63 -6
54 43 20
-19 18 68
-8 19 -12
26 64 -65
41 30 32
-4 3 21
-13 40 42
73 -21 14
-11 -5 -74
47 -65 -38
-64 44 -50
-23 57 -39
-25 -52 -31
43 67 47
-0 -36 19
18 33 -3
2 70 26
57 -42 -58
-58 -46 38
-6 60 22
60 63 46
-13 17 -58
55 -65 64
35 31 -44
-40 -17 -7
21 18 47
14 -64 -58
-0 -17 43
12 31 -65
-37 -20 -58
-72 -16 -15
16 49 -17
58 -36 -57
55 -36 13
67 -18 13
13 -25 16
21 -12 -69
-35 62 29
-21 9 19
-62 30 6
-8 -56 55
-40 14 -5
-64 13 52
-50 -61 49
10 15 42
-34 28 -0
47 32 60
-24 -10 64
7 17 15
-12 -61 -47
-29 46 -45
-14 48 -47
-45 20 -55
58 13 -53
55 46 39
30 -31 56
-9 41 -6
33 -11 -65
49 28 38
-50 -5 15
-48 34 -63
-35 -50 -43
-21 -34 52
-68 11 30
25 32 -63
28 -63 36
-27 -11 3
-19 -50 -23
45 1 -38
-6 35 -63
-18 42 -67
-51 23 -53
27 -38 35
-12 46 55
15 41 52
-64 -13 -32
-71 44 -29
-64 14 47
-65 49 15
-66 59 54
-6 18 19
61 -4 -64
64 43 20
-18 -23 2
28 -3 -49
60 -7 -0
-45 8 60
-20 -69 -7
-8 19 72
35 -48 4
-9 68 -0
47 29 -48
32 -31 -9
74 -59 35
-10 -67 12
8 -36 34
-63 -58 -67
-61 -50 -53
-9 55 19
-4 -73 -48
-13 -68 -48
-59 -68 -63
-45 48 -22
20 49 23
-65 -41 1
-47 53 -65
38 55 12
-61 -6 1
-3 -7 66
63 -69 -31
11 -56 55
3 -24 11
18 -8 -6
-15 -24 -39
-69 15 18
-6 -70 -23
-1 -40 -37
-31 43 9
-58 16 -49
-48 37 -3
66 42 30
-61 -50 -21
20 -35 -37
-33 -50 -13
48 41 53
-19 -7 -73
-36 27 -24
-58 -35 51
-8 -33 26
37 68 71
42 -20 -22
73 -9 61
42 7 -31
21 -3 41
66 -28 54
-2 -12 16
31 74 -28
-11 64 10
28 -65 -58
54 45 -22
47 16 3
-40 60 -23
-71 54 -67
4 43 -47
-11 -6 -31
-19 -27 -56
-74 -42 -48
-23 -48 32
-8 56 2
15 49 -13
29 -68 13
66 -26 46
40 54 5
25 47 -57
-56 21 -68
6 -52 -43
28 21 -9
-9 65 -71
-14 48 -41
-3 17 -19
-23 -4 62
-7 1 -28
-5 -34 12
-34 -0 -67
1 -24 35
-56 -25 -26
-34 64 59
-61 -9 14
-65 -7 64
-12 -63 67
-65 26 -5
-8 -55 45
-35 -36 39
15 -71 66
45 -48 -33
-48 -36 -73
65 -37 -49
17 74 38
52 11 -22
42 -1 69
-10 -58 -37
42 41 -51
-64 -61 -72
41 39 65
-7 -62 -1
-25 73 -47
-9 1 30
2 29 -19
-33 25 26
-64 1 22
-45 -66 -71
68 -11 -5
26 42 45
-50 23 -62
11 -18 43
1 -22 68
15 -57 24
-63 51 -66
-27 -74 -35
59 20 42
-69 -15 54
56 63 -53
-9 -27 -4
-44 -21 -57
9 42 11
67 55 -23
-12 46 -5
62 59 -9
-22 37 14
24 70 -45
-52 -4 -43
54 -33 43
-65 60 -64

36 -8 -31
61 -26 0
-47 -55 -14
40 5 -20
-42 34 60
-45 -17 38
-36 -35 -20
-59 -9 30
-11 -1 61
46 15 -42
51 -74 8
10 -9 -11
19 -14 56
71 -22 48
9 -8 34
-10 57 -18
28 60 -41
43 -10 65
-3 19 -43
19 34 43
-17 57 -70
-59 61 -33
-63 -11 -52
-42 63 -61
72 3 -10
-13 -53 -70
45 -39 -62
-36 -56 9
-20 10 -36
65 3 -67
-30 -40 -4
23 33 34
-33 16 15
35 56 44
-60 14 1
31 43 28
-50 -39 -26
-38 7 -8
-25 -4 31
-70 5 -7
57 -13 -63
22 60 -40
-38 22 -15
-62 54 -42
47 17 10
17 -10 -4
16 27 -19
-25 50 -14
71 5 33
9 -35 -49
-37 40 -24
9 53 6
0 -61 18
-67 29 10
2 -42 -58
10 23 -30
-46 3 -69
-26 22 -32
-46 -43 -67
29 -8 15
-67 62 54
-32 -20 -1
-9 -62 -67
-4 32 -41
-55 -26 27
1 -14 -35
25 -26 -69
18 65 38
-50 65 -37
-68 -12 -45
63 -70 -1
64 43 3
-10 6 -7
20 49 -14
28 20 58
-18 -14 10
12 -59 -1
59 -24 42
-8 -70 20
-17 -7 47
16 18 -9
-53 -52 -46
31 50 2
19 16 38
-65 9 -38
21 45 -25
-11 33 50
-48 5 44
-40 44 53
60 1 -16
-51 -16 -69
-25 -66 -54
13 -5 -36
19 -54 62
-12 -54 -59
-51 61 17
-8 56 -37
38 22 45
20 56 1
56 -66 57
61 26 -70
-10 -50 -70
39 -71 49
-33 -21 63
65 15 72
-19 -67 16
72 23 -1
-40 9 44
45 -5 71
53 65 72
21 46 -31
45 -21 46
-24 56 -63
47 1 19
-36 -58 3
-11 59 -45
27 -28 64
58 38 15
57 -65 42
-57 -40 35
-13 -53 37
35 -10 -13
12 -62 1
-20 6 33
-39 -66 -10
-63 -21 -40
-17 10 -4
-65 70 -26
30 -0 -1
-71 -70 -10
-61 -33 -59
38 -66 45
31 9 71
51 48 4
-31 17 -49
7 -43 -37
-74 -31 -52
-29 -30 72
-49 -59 68
2 19 26
-11 39 -57
-67 -33 -22
60 -51 -32
27 -42 36
3 -39 64
-8 60 -48
20 41 6
6 9 5
18 45 1
-51 19 -39
46 70 6
-25 11 45
-73 -13 28
-59 50 -53
11 -70 19
-30 -31 26
37 28 43
-65 -52 -26
10 59 -31
64 18 -71
-46 -64 57
-64 -40 -53
18 -21 68
28 -25 35
-30 -48 49
-1 -51 -30
-65 20 2
-64 -35 45
3 -60 45
-69 64 -71
26 9 31
36 1 -67
38 16 34
-43 68 -55
-20 -73 35
-39 72 13
-72 49 10
9 -72 37
60 29 -23
3 45 -0
-52 -33 16
43 -57 28
55 34 -42
-60 14 8
-39 47 -15
-21 4 -40
58 -73 -71
22 -3 44
-54 -11 -23
-33 -56 22
-41 57 -36
34 31 1
16 -61 -27
63 1 -36
44 -35 -52
41 46 48
27 -31 29
65 43 46
-71 57 -27
-7 62 65
28 9 -70
-20 -64 63
-47 -42 -51
-36 50 -1
-8 -28 -18
-30 26 -15
-7 -44 -71
68 28 -52
-46 -13 30
21 -60 -56
-24 -11 -17
-49 -66 -42
62 -28 -21
-63 -1 61
48 53 -36
31 -38 72
48 -53 -25
-59 -7 -66
59 -20 63
23 69 29
13 -25 -10
40 58 -8
19 -12 -13
6 56 -33
-63 -71 42
-64 -48 57
-60 -45 -26
-43 -10 61
-60 -32 44
-27 -73 46
-20 71 -45
-33 -20 37
-69 26 11
-72 14 -59
4 18 44
-51 -46 -58
29 42 -14
-7 -73 -10
-35 -25 49
-45 30 5
-63 -22 30
-51 29 -8
51 -15 0
-54 40 43
56 -26 -11
-1 9 -63
-60 -53 -26
-32 53 -9
53 1 4
29 -37 -52
-10 45 -36
-42 -31 40
-34 -40 -31
7 0 -26
-24 -57 62
-46 20 28
38 -58 -9
46 -33 61
72 45 5
-65 -32 -72
-26 -24 -70
-30 -10 -12
-8 17 47
70 48 64
34 -13 64
48 45 10
16 61 -45
-63 23 -55
44 -52 49
-8 -63 -69
9 53 45
-24 43 37
-28 38 1
-12 -31 66
59 -3 56
-52 47 -42
2 -62 70
43 4 56
63 65 -19
64 5 -10
60 44 -0
4 -14 12
27 44 -59
39 33 -58
17 1 -32
63 -54 20
-1 49 -42
74 -51 10
-50 65 -51
-32 -53 -39
-26 74 -32
-47 -54 -15
-19 59 53
46 -58 -28
-49 -25 -37
-58 -12 19
63 -36 -40
-26 53 70
-2 49 -12
-45 -54 -55

-4 -9 -58
-54 -17 -35
45 -61 -21
-8 -51 28
-72 27 16
-17 -43 70
58 -37 4
35 -58 -7
40 7 -12
-46 -28 -19
-35 -21 48
27 -64 -29
-49 43 26
-19 -20 -62
47 31 48
41 -74 37
-8 -70 -54
0 -59 69
59 7 -27
-17 2 -74
-32 -12 55
-56 48 58
-50 -19 -17
4 -55 -56
-72 -51 -32
14 64 31
63 -54 73
1 -17 -50
-42 9 -49
35 -50 -39
8 -42 12
25 -53 -32
1 42 38
11 19 -22
-71 -63 -56
-18 12 68
25 49 28
-72 73 69
-11 -14 -61
-24 -49 57
-68 55 58
18 0 34
26 -15 43
-17 7 -44
-30 -62 48
25 0 31
65 -41 -61
-37 -39 -71
31 61 -2
-59 -2 -57
69 -13 -31
45 0 54
6 27 -71
-54 50 33
48 28 -29
21 36 -74
56 7 31
-17 -36 35
52 -3 38
-69 -54 -4
-13 59 -29
-22 -74 45
-73 63 -32
59 -3 -58
-46 -17 -27
62 57 -29
39 -34 20
50 39 -30
67 -43 -15
52 -6 39
17 21 69
-63 -17 68
-61 -9 -52
28 41 73
-29 18 53
-18 65 -60
-37 -15 -33
64 17 -67
-29 -58 -47
-61 17 51
-13 63 -16
58 32 -21
56 45 -42
38 41 43
-55 15 27
31 29 37
52 -43 -37
-13 12 40
-37 -29 -72
60 51 40
14 70 16
19 0 -29
-36 -24 2
43 -22 8
20 38 67
65 -30 54
1 -52 -37
-13 12 -21
-40 -36 47
51 52 38
48 -44 19
-30 -60 -61
1 -61 -46
-6 20 -36
-3 -20 -28
-58 41 9
34 -7 -47
-67 52 -2
68 -48 6
44 12 35
-30 18 54
-42 18 -59
-37 -52 65
-63 -67 9
-1 -17 -54
40 -4 42
-74 -46 -49
13 35 -70
-36 -44 -29
-23 68 -7
-44 -43 -53
16 -21 31
-0 3 63
58 64 71
-29 -54 -51
68 64 60
-56 -49 -23
-69 -60 48
14 -67 42
-12 7 -61
-72 14 45
-63 19 20
15 0 8
58 -37 52
36 19 73
-30 35 6
30 -56 -67
-44 17 -52
-63 41 -35
-46 -42 -67
-31 -67 -13
4 -67 -10
-35 -47 -43
57 -48 39
-64 -21 65
-60 62 -7
33 52 -1
-1 -74 -7
-55 -23 73
56 -66 46
-63 62 70
-10 -23 55
-49 64 -67
44 -48 -36
61 62 16
8 70 -23
-32 5 19
-41 8 -72
-29 39 -52
-54 60 16
60 -71 -2
57 -19 -71
27 11 -73
-58 10 -26
71 -3 45
-29 -47 -9
-14 -15 49
60 -21 -32
34 -41 2
23 -9 21
-40 8 45
33 -7 -21
-74 -53 66
53 22 41
-6 -2 -40
-9 -10 38
56 -30 17
67 -29 53
-29 38 -2
48 -38 28
-24 -51 -12
70 -52 56
-14 -52 24
-9 19 -60
-29 1 -48
44 48 22
-55 26 8
-34 40 -59
-60 -59 -2
-5 13 64
-47 10 -7
-43 -68 -15
56 33 50
-53 48 -17
-61 -10 -68
-16 -38 52
-6 58 12
-2 34 18
-9 -52 31
-25 14 -22
-15 -60 56
5 -44 60
-25 55 -51
71 45 53
65 24 -17
58 -10 31
-50 -51 1
-64 52 31
68 39 65
-48 22 58
30 52 -42
35 5 -1
65 19 -60
-65 70 -11
0 7 -34
44 15 59
-57 24 -34
-14 -13 -15
-50 61 -10
15 56 -65
-53 24 61
37 -52 -61
-40 -60 -49
-55 -22 58
-59 -13 49
-2 68 18
28 -23 43
-32 -60 -27
64 -21 34
-65 -6 -42
-48 -51 60
-17 56 37
-13 -32 -23
-34 -21 38
70 -44 26
-49 -35 63
-20 49 45
-60 17 56
-48 57 24
10 -9 -60
57 34 -35
-71 20 -29
44 -61 -47
35 54 -7
52 3 24
58 21 -3
64 -6 -13
50 -12 65
-69 -29 70
-21 -17 -8
-42 8 -39
-42 -36 -57
-54 -3 -13
36 37 -71
60 58 -0
-21 -42 34
6 -46 25
65 -30 4
73 22 -42
-66 -34 22
17 9 -62
-29 -48 21
-19 6 69
-30 19 20
-11 -29 48
24 -26 -40
-63 16 25
63 34 27
-62 49 -2
41 6 -54
-3 69 22
27 22 -37
-40 69 32
64 -50 49
-55 -10 -59
20 -15 8
-67 -17 14
4 -68 50
51 34 -27
-8 33 -47
-45 -30 24
-31 -23 35
-30 -9 -15
35 70 -65
-10 -20 -3
-61 8 -26
4 -25 -38
41 -25 -10
8 -36 -11
-69 16 -71
39 -71 69
56 43 22
64 5 -26
52 17 45
18 -60 -42
63 52 7
27 -69 -15
45 -67 31
-61 60 -6
59 5 -23

74 72 -73
29 -55 -13
-29 -11 45
-15 -4 53
-1 -35 -24
58 -49 -8
-9 -19 -30
46 72 43
10 -42 -66
-41 -8 64
-67 70 29
38 68 -41
74 -51 22
28 -56 46
6 62 70
16 -73 -39
-0 -9 -52
-69 -65 49
9 -7 66
65 -74 -25
-51 74 -29
-44 -35 -59
-34 -73 71
-0 -33 -47
-24 -73 30
6 63 51
68 45 -32
-58 47 -67
-7 -12 -58
27 -19 -55
-43 -10 -12
54 -28 -41
13 26 -32
-4 -1 65
43 0 22
30 22 -12
-55 -46 44
51 -60 21
-55 -0 -59
-54 69 74
20 -59 -66
-57 -19 -69
43 -22 45
-62 48 66
62 -38 -42
23 -1 62
-3 -65 31
30 -71 -22
12 -8 -38
-70 66 58
-44 -62 68
-1 49 64
-22 -3 49
-73 -51 46
-14 -23 13
-48 -52 45
-52 -6 62
62 -32 -43
24 68 46
43 -71 -46
57 -50 -72
28 43 41
-36 -3 -70
-63 51 -25
36 -17 -16
65 -67 -32
-24 23 -12
51 66 45
47 -65 68
-35 32 50
-35 -19 11
11 18 68
68 -35 -25
-47 -8 -16
-48 15 46
-58 73 23
14 -46 -7
-65 72 -8
-71 70 29
-39 66 36
16 60 -55
-33 19 -37
17 21 -1
-37 18 -56
28 23 13
-15 74 47
-71 -39 -26
-42 30 -6
-2 28 -60
-44 -63 -49
-4 -23 -38
62 -9 -28
-23 -19 -6
39 54 -42
-3 33 40
33 -37 -12
63 -4 6
-3 64 -1
58 -40 -29
-22 29 -8
16 -1 72
74 -18 -67
-56 -5 -36
29 62 45
40 17 -41
-58 55 62
39 -4 56
53 -61 -46
-17 -73 -38
-10 -0 -68
-69 -44 -67
-40 38 69
66 -17 -29
53 -10 16
-4 51 6
-42 50 46
-11 -71 -36
64 -59 41
-66 -37 -20
-2 28 9
-21 -50 2
-44 20 32
-55 -58 -4
10 -24 23
16 -64 -48
14 -13 -35
36 -59 -35
47 21 -15
19 39 -48
-12 45 -19
6 68 -65
18 -4 10
-1 2 -37
58 -44 74
-18 -45 -41
-17 -30 43
-58 -68 -27
2 -4 47
31 -25 15
36 -17 49
6 -48 30
68 -23 -42
59 -24 47
-30 -0 35
38 66 29
66 55 -34
7 71 46
2 16 -49
-0 63 29
-57 -41 -21
-55 -49 29
52 14 -66
52 -60 8
-63 5 39
-41 54 -4
61 39 7
58 -15 -69
29 -60 -43
-2 16 51
-50 21 51
39 -20 2
20 -24 -61
5 -34 -73
20 -48 -69
-50 39 40
5 -27 -32
-44 -37 -50
41 -38 -56
-70 -4 7
10 -27 8
23 -47 41
-50 -71 -35
14 12 -71
29 70 30
66 -14 27
68 -72 47
46 -67 0
18 27 -29
69 -5 -29
56 -63 -8
71 -1 20
-43 -12 -48
45 -67 -53
62 21 -68
-50 -56 -3
65 45 0
44 -21 26
-61 23 -8
49 -32 55
-0 -60 67
44 45 -51
-4 18 69
-36 -74 41
-47 -37 -21
-48 -17 44
42 51 -27
21 -19 -65
-30 69 18
71 20 -65
46 28 61
-54 -19 36
31 -25 64
-63 68 14
51 -72 13
-27 69 -29
7 62 -45
-56 46 -63
-63 -7 21
74 11 -18
-61 -38 -37
58 10 -66
28 -35 -19
-72 30 -27
-52 37 -16
-56 -61 45
66 -52 15
-14 -42 18
-45 18 -32
27 28 49
-24 53 69
67 -26 -24
53 -57 30
38 -71 43
18 -19 -62
-67 -0 -51
55 1 -0
-19 62 30
-17 22 0
46 56 -50
-25 -31 -27
-41 69 27
59 -1 49
-32 -53 -55
27 22 48
13 -26 66
36 -67 42
11 -7 28
-3 -19 -35
-25 26 -47
30 -69 1
-68 23 -44
-4 -56 59
-67 -12 -29
-17 73 45
40 58 29
15 -20 13
-63 48 5
-28 43 -32
-30 -73 66
7 53 -70
41 67 20
32 39 -51
54 -20 -14
50 -30 49
-56 -34 67
68 -30 23
63 -40 34
1 69 42
-22 -24 -38
22 48 35
72 -22 -67
-72 -36 10
-73 -6 -43
-42 39 41
-62 47 -9
-74 45 11
-60 -67 9
-37 -53 5
68 -24 -56
-8 17 64
68 60 9
30 21 60
16 9 28
46 -68 -3
-0 65 -41
68 -30 16
29 -13 -20
43 -15 28
-54 8 -27
29 54 58
-28 -17 20
-51 -14 11
40 -57 -26
43 70 -13
69 -47 -22
3 20 36
5 -31 -72
19 -29 10
-15 -47 -57
-36 61 -68
58 6 69
24 -67 -68
-17 66 29
13 -1 -3
-4 58 7
-59 5 -23
-70 45 -66
-25 66 55
-72 -52 -25
18 -41 54

-57 -45 15
13 70 18
50 11 20
25 -8 72
-18 -6 -10
43 11 -29
-52 -71 55
-22 -68 45
36 -42 -72
-64 66 16
37 22 -31
4 -39 -10
45 -8 66
65 -9 14
-43 30 -45
-20 68 30
-46 54 -9
-55 -21 -49
27 29 -49
39 57 53
-12 -66 -57
-15 57 25
-7 53 42
-69 31 36
56 -31 -60
12 -73 -1
-7 59 50
34 -23 30
-74 16 -42
-53 11 69
4 56 -54
-5 63 55
-69 -36 66
-59 -58 60
-10 0 -16
-42 43 -23
42 -7 47
-29 -57 33
-0 41 -29
-72 16 -39
6 -43 -16
-61 -0 19
13 1 -63
3 5 47
34 14 -22
4 -16 -61
34 63 -54
-39 8 30
-39 18 -65
16 32 -71
-61 67 14
-23 17 53
33 -49 54
-21 14 -6
-44 -47 72
-54 3 -67
6 -50 -71
-14 -51 -33
45 48 -46
32 -73 -60
20 -40 57
-69 2 -42
43 48 37
-43 34 -17
13 7 -49
-25 -49 65
-74 67 -5
29 45 58
9 1 -54
24 39 50
56 17 49
-50 -70 -52
41 -19 55
-42 34 -12
-46 -67 39
27 37 -52
-8 45 -3
35 -17 -63
-6 67 -42
2 4 -23
-65 30 -68
12 16 1
29 6 -0
64 7 -40
-53 33 54
32 66 58
-65 25 -0
9 -13 -63
-54 -68 52
69 0 6
-36 32 51
55 -52 -14
-20 37 3
27 -4 56
-10 50 0
-28 -44 -32
-73 -69 -46
27 -40 60
-47 2 50
55 -48 23
-40 -43 -23
9 -42 -17
55 73 -71
70 20 31
50 27 -48
1 54 62
50 -39 -23
66 -0 64
-26 57 27
49 -42 20
51 32 10
70 -72 39
63 -52 -22
58 7 -43
4 -23 54
-24 54 29
-73 -20 58
12 64 -57
28 -37 9
-70 1 -41
-45 -47 -5
30 -24 -15
44 -0 35
-63 22 65
-21 0 -10
48 -59 41
-18 -32 -57
73 -69 20
11 12 -67
65 -25 59
-46 55 -43
25 36 54
-34 9 53
-52 33 -0
-40 -12 -7
-24 58 -67
-74 25 -2
36 50 2
16 13 34
46 72 -26
-0 -32 34
-68 -33 -34
-72 -50 48
-41 59 -28
67 -26 -53
32 42 -18
-0 54 3
-44 73 -23
-36 42 -1
-49 59 43
-33 20 2
62 11 2
27 35 12
66 -50 -27
72 49 1
-49 -74 45
69 29 -61
14 -38 56
-17 -40 -49
1 -53 -33
-61 -46 68
20 43 -39
39 -38 37
-7 -58 -68
-67 -48 -69
65 41 -47
-49 -5 53
-69 56 7
58 -59 66
14 40 -37
-21 58 -57
-44 55 31
63 -47 18
-9 -44 -73
-16 72 -15
-31 -56 -74
-10 -39 9
-34 39 -59
11 -28 -47
70 59 -15
-34 -13 4
-61 -27 51
14 -44 -28
5 4 -37
-22 30 -23
-69 -21 -40
-57 -40 35
33 -47 -69
74 -47 -11
-68 -72 -42
35 11 54
14 -29 9
58 -8 72
-1 53 28
63 -72 -61
3 9 20
-33 -71 6
41 -28 -36
-42 -38 -14
-28 65 27
-17 -15 -65
3 27 -65
54 37 58
22 6 -31
34 61 28
-72 20 23
57 -19 -32
-47 -44 33
-19 -38 16
67 70 63
42 58 39
68 1 -53
62 2 -5
1 -10 -65
-26 56 -11
-25 58 -69
-42 -73 4
-72 50 2
-40 65 23
-64 -15 13
-57 69 -59
66 71 -29
-38 -67 -49
34 -29 -51
26 -61 67
44 68 35
31 -26 -65
23 67 -24
-37 -44 6
13 -69 3
-11 15 -46
-64 2 26
-64 -0 28
-50 -30 16
-44 64 13
2 -21 -59
-48 -42 -67
45 -5 -46
-1 9 13
61 21 -33
20 40 6
4 67 -2
56 13 -2
-36 10 -15
27 14 -72
-7 0 30
20 -1 -17
-46 4 66
10 15 35
-69 32 42
6 -33 71
25 19 -2
51 69 -36
-31 1 20
7 1 25
0 55 66
-59 -29 -74
-58 33 32
-13 67 47
14 29 -59
67 13 -11
19 12 3
34 53 8
-31 -39 40
30 -37 -74
-63 31 34
-31 -71 -27
43 -58 -49
-17 -46 3
62 -19 -29
-5 43 45
-39 -9 -48
-21 27 -7
-50 -59 -44
45 -34 55
-31 -24 22
-64 -59 -17
-32 -8 72
-69 37 -38
45 51 -30
16 41 0
-51 -15 -45
56 -58 -4
1 54 -45
-54 41 -36
51 -36 -38
-59 56 4
-49 -17 1
6 -10 36
27 -50 -49
63 -5 53
3 -11 4
-47 -19 -72
-46 45 17
48 -16 -40
-38 27 -21
12 -58 42
-5 -35 50
41 -52 23
56 -40 35

-1 -45 -59
-54 63 22
32 -67 -9
-45 -5 -57
31 8 5
32 -25 59
59 20 47
-64 39 -54
-13 63 -52
15 -62 53
46 29 36
-66 10 -5
50 21 -65
-56 -48 -55
-21 -33 49
27 36 4
28 63 34
-58 59 -72
-31 68 74
27 4 -44
47 40 14
56 -0 -9
-71 56 -13
-64 54 22
45 3 -29
-11 38 55
67 53 7
62 72 58
1 -18 -55
-64 -14 51
-24 70 -54
0 -43 27
22 27 -12
69 -33 12
60 37 -22
37 -65 -38
-6 -16 72
9 41 -54
-12 38 3
67 -57 4
14 -39 35
-48 29 34
-13 21 -48
-39 49 -36
65 47 5
66 12 -64
33 -6 56
17 69 58
-39 -56 -66
59 -9 -45
11 -56 32
52 -44 -28
26 65 -60
-64 -68 -45
-66 34 -41
-55 -26 16
61 -68 51
37 69 10
-36 63 21
3 26 -27
-51 -13 59
66 1 27
-51 -38 58
47 -35 20
-33 -50 32
52 -28 -55
-50 44 -11
-21 -40 -66
14 24 -20
62 -11 -22
-59 17 23
-66 -45 62
-6 15 66
-29 -51 -63
3 -54 -42
-71 72 38
-4 68 5
66 -35 -42
9 45 47
-51 -71 47
-39 -51 -70
29 16 2
-11 16 -33
-7 -73 -0
57 33 -40
49 -30 56
-49 -15 55
22 3 -72
6 -57 32
68 64 52
-74 -64 -33
-66 -37 47
53 -3 -28
-13 57 -60
-23 -11 -33
7 -64 -65
-69 -47 -39
52 27 -45
38 64 -60
-60 43 -35
14 -65 50
-12 65 -28
-27 -36 26
47 49 -27
73 -45 31
-1 -31 17
-13 -66 65
2 16 -60
49 -14 35
56 -36 42
-38 -54 12
47 21 41
36 -4 62
-72 -31 63
45 -53 -4
22 27 -6
-9 45 23
-45 14 -15
72 -25 -48
59 -8 34
8 -25 -65
5 46 26
46 -67 35
-66 51 -20
53 -65 -32
46 7 -27
-41 38 -40
13 -64 -24
-71 11 -60
-33 59 65
23 35 -9
54 3 42
-45 2 -7
14 65 34
-68 -64 61
71 -5 -30
30 -73 -42
-5 21 -39
2 67 37
-23 37 52
38 -23 32
-39 57 45
53 -24 56
-19 22 17
-46 -45 -55
-10 -68 21
68 18 -10
-73 -14 8
-17 15 -42
-42 -36 0
-54 56 46
5 -8 62
70 24 18
68 -72 46
59 -34 -19
-63 21 -1
61 -72 -25
-21 8 -5
-44 38 -74
-33 26 31
49 64 47
25 26 -18
-42 29 9
67 32 2
-3 5 44
68 -63 -35
-72 -44 -47
69 3 -57
-62 0 8
-17 46 39
-68 13 52
6 -11 24
24 64 52
14 -10 41
-11 13 65
2 -40 3
-71 -55 8
21 -39 -8
-71 57 26
-59 25 60
-57 -64 61
47 -67 38
31 46 -6
-65 74 11
32 67 -43
16 6 -49
17 34 37
68 25 -24
64 14 -66
-27 3 -16
-66 5 -35
-14 -6 -1
17 70 -59
37 70 55
-61 67 -34
56 -54 67
55 43 25
-3 26 70
70 7 61
-56 -29 26
-72 -15 63
16 6 5
16 7 21
53 -60 -19
38 -63 -15
15 -33 -31
-47 -29 -58
45 73 67
-68 47 -71
67 0 -21
-58 43 -66
25 27 31
74 56 -66
12 -72 22
-24 -59 25
29 64 57
-26 33 -28
72 16 -36
-5 -7 -57
-57 -1 -20
59 -0 -27
-67 -24 -22
-65 -73 -44
-40 -2 -58
34 46 -49
62 -49 45
-1 28 5
34 -60 -28
23 -33 -66
-70 -50 23
-50 59 -61
-14 56 -74
44 -28 -51
19 -54 -38
-7 -9 14
8 -47 -3
51 33 14
58 55 -73
-39 -54 73
-6 -60 31
-62 -64 48
2 62 61
-31 -33 -62
52 -42 20
10 -71 -65
-51 74 41
-35 66 1
-45 48 -74
-20 33 -62
-20 -53 -4
16 -35 -23
-63 4 -17
-24 -53 29
-54 42 -0
-16 -33 26
-3 49 59
-15 70 11
-42 -68 45
-8 -47 74
-63 30 -65
-37 -26 -31
-32 -60 -61
-9 -38 53
-20 37 52
-24 -42 23
-50 15 -57
-28 58 62
-19 9 22
-23 56 -73
14 -1 -15
-66 50 -16
27 7 -34
-66 -40 10
-11 -33 57
-32 -60 61
-61 -24 25
-17 69 8
18 -24 -13
-41 -15 -64
68 47 29
-35 47 -68
-36 21 48
5 52 32
32 -42 -36
-12 -36 31
68 49 -16
-25 46 -4
-73 -61 -66
29 -1 -47
-35 69 5
-50 -31 16
-47 25 -37
-43 56 -50
14 -25 -32
-35 56 -11
-38 -71 62
42 -19 62
47 29 74
-46 40 -54
21 64 17

-38 -8 73
31 -51 40
-47 -74 18
-19 -48 -17
55 -20 11
40 -56 50
-15 37 -39
-23 -5 -45
9 65 -31
41 -61 73
16 -42 14
-43 74 -46
68 -74 13
37 55 50
-10 -0 -14
-62 -20 -11
-36 74 55
-70 33 11
34 66 49
47 39 16
66 -48 4
20 15 47
-57 13 65
69 29 22
-49 36 71
-54 -70 2
-62 29 -0
-0 -72 18
57 17 -66
-66 -70 -69
9 -70 -38
59 58 56
45 -41 4
-63 10 -3
-55 29 52
-23 1 72
-65 -40 -7
-74 17 -8
-73 -48 61
-69 -36 19
-44 -15 -58
68 31 -62
-52 -15 25
-64 47 29
-31 -65 66
-45 71 -15
53 -43 25
22 17 -56
24 68 -0
-48 -63 22
53 -54 -7
-32 -57 -51
11 -63 14
20 -9 14
72 -15 -52
40 16 35
7 39 60
-51 -42 -63
56 18 -65
39 55 52
62 -57 71
50 40 27
55 -70 -21
-63 67 -71
11 -24 42
-31 -52 21
67 -44 -16
59 40 5
-9 -73 27
-32 20 42
-10 28 3
-4 -57 32
70 43 -30
-66 -70 -61
-39 -58 -70
-37 -59 -74
6 -31 61
-36 -57 15
23 -51 33
-74 -59 -45
11 65 -44
31 -14 -20
-30 49 -0
1 -26 -14
59 -74 9
3 -18 -63
-8 56 63
31 -71 -6
26 -0 36
11 -29 38
-44 70 -47
-5 3 -37
4 54 -52
-70 26 32
-49 -15 -26
27 29 18
10 4 70
-1 13 -0
-52 -38 -70
-43 58 45
-54 53 5
35 -59 36
66 -21 -69
-40 47 16
22 34 8
-74 54 -37
-64 -74 71
-65 37 10
-16 -24 45
-57 -0 -38
-63 36 -60
-13 -6 -46
-64 -48 -65
-21 -28 -58
49 66 1
-27 -64 -6
15 52 27
50 -23 -60
-7 -43 74
52 -51 -28
18 12 64
34 49 -18
-24 -20 -45
24 47 -74
5 -52 -43
3 30 1
-10 -63 22
6 -64 59
33 -3 -62
34 -6 -39
3 11 26
47 -38 26
-43 45 39
46 7 2
-65 -35 2
-25 -41 16
1 -46 -4
55 14 -63
-43 25 20
58 29 -13
-35 40 41
-38 60 -52
-48 32 -42
-21 39 17
52 73 -40
-48 38 59
-28 -40 60
-33 -74 -18
-1 -64 72
29 -64 5
44 -38 34
25 -70 27
-7 -68 -28
-4 35 68
-58 -54 45
27 -6 19
-64 17 5
-5 4 27
11 49 29
49 45 -23
26 21 45
31 27 -47
0 -30 -27
-41 -49 -51
-63 -48 -5
19 -70 -63
-52 71 25
-0 47 -37
-23 -70 10
67 48 53
-7 -66 21
0 -29 3
68 32 3
33 -60 54
-25 29 60
-24 -44 -45
35 21 -58
-58 10 68
57 -30 -22
-52 54 47
-73 16 -51
58 27 -41
-2 61 71
46 -74 40
56 72 -70
-2 -44 27
-66 19 -47
-50 44 -28
18 -6 -11
49 54 11
-43 -2 72
-29 -6 -33
22 17 -46
-68 -30 3
-5 -48 27
-8 -9 4
60 13 33
60 -71 39
-28 -31 -44
-24 -67 32
-67 -46 -41
35 58 -7
66 15 33
63 17 73
-1 54 -61
39 11 -55
10 -51 53
14 -6 27
23 -14 -2
50 45 0
-54 27 -3
-74 3 -46
-15 -2 31
-66 -31 0
-54 40 -37
54 -15 -38
65 4 -31
-67 -1 -25
-10 9 -46
-15 -19 11
-53 3 -17
-14 -53 -24
19 34 -70
-5 39 -63
-72 -2 -48
-51 -6 -64
-6 45 44
27 4 -42
32 -2 -37
-63 -42 72
61 60 71
-39 30 -31
-13 -16 -44
-37 -64 17
-42 -27 45
-18 -4 0
39 33 15
12 53 37
62 -23 -30
38 33 73
-70 -22 41
-23 12 71
-70 -63 73
-32 55 16
-10 47 33
4 43 -58
-38 8 41
19 31 -45
-49 66 -69
-36 -58 -43
-17 45 -71
30 -64 3
27 -71 -0
29 31 -6
29 -65 23
-15 -41 20
-63 43 0
-62 25 -27
39 38 -31
56 69 -7
-31 27 70
-26 67 -46
73 46 -66
68 40 -65
-53 7 47
-57 42 61
38 -4 57
55 -0 49
57 -17 41
72 60 -39
4 26 17
-51 25 -9
-24 -73 -61
59 12 49
-51 54 65
-67 69 66
-5 -36 -19
33 -22 -48
-2 -57 -63
-67 -7 -9
-23 -55 5
25 -37 23
20 24 8
52 -16 27
26 27 34
55 20 -66
55 42 11
61 -13 -51
-18 -15 45
51 -31 49
0 -13 41
-65 -45 -17
-21 -14 -63
66 40 61
-17 61 -44
-65 -21 73
-61 -23 30
26 -71 -28
-3 -58 72
24 61 29

-53 38 -34
0 -13 -14
-5 73 31
-6 -24 4
53 17 -36
64 34 -51
-71 61 26
-15 2 -19
55 -19 31
-22 12 68
-68 30 -62
36 6 -31
23 52 -48
-21 20 42
-68 47 -46
28 -55 40
-50 13 -72
-34 63 21
33 39 -13
44 -15 -1
-58 -27 -72
-72 22 51
-56 -57 -30
-59 1 -10
-32 33 36
-23 -70 11
-57 -5 -9
16 -47 -72
26 17 16
-29 12 -62
46 -6 -54
25 -12 59
36 6 -4
42 34 -20
-55 -10 -40
47 -14 -60
-73 -32 -9
26 -63 19
26 16 -30
-57 -24 -36
68 35 63
11 37 65
-14 -37 29
-16 -66 -65
-38 7 20
-73 -32 1
14 55 -22
-37 -72 12
71 -12 16
-52 57 16
-44 9 68
18 52 1
50 -52 -28
56 -70 -34
39 -37 25
-58 52 43
61 -58 44
-7 -36 -57
-5 6 -9
8 38 -11
16 -70 -26
-24 33 -46
-42 8 -73
-73 17 37
-20 -7 -43
-60 -22 42
-14 19 70
55 74 41
-32 0 11
41 4 40
-22 -12 62
0 -69 -46
72 69 49
-13 71 -46
11 67 -36
34 58 -40
14 -13 -66
12 3 51
6 -57 -72
3 -44 -41
1 26 -37
68 -27 -43
26 52 63
-60 16 -9
-56 -73 -44
1 -42 12
39 25 -53
6 -68 31
-21 -60 55
9 2 -31
-17 -72 -33
-56 -48 65
-44 -10 58
1 -45 0
-59 47 -51
-30 -72 70
57 -37 6
-31 21 -50
-37 -13 60
28 10 30
-47 24 4
25 69 -65
18 71 48
70 -32 -28
-52 49 25
1 -25 -57
-11 30 34
-72 -5 21
69 39 41
-42 7 -66
-27 23 -14
-29 -8 -45
58 17 -55
14 49 54
18 59 62
-58 -14 74
74 69 46
-24 23 -66
-24 -53 17
-12 55 -13
-4 39 -27
-41 -45 -24
-50 -56 -46
34 44 -35
7 39 -28
8 -73 -63
47 -33 -32
-62 52 -74
4 -23 65
-62 26 -58
-20 -10 61
55 44 59
-22 48 65
18 45 -24
33 62 46
-51 -73 50
23 -32 -38
-53 71 -20
6 -32 20
60 68 -18
-16 10 42
-33 -24 51
55 -15 -23
-56 50 25
-72 45 -27
61 -14 59
-62 -61 40
4 -0 50
20 23 -55
-35 -56 19
-41 51 4
-51 -45 47
26 46 -6
54 -1 -35
16 38 -26
61 9 -70
-57 45 48
-63 52 33
-73 -56 38
5 9 47
-13 -1 10
18 20 -53
-14 40 19
1 -9 25
-66 -60 36
34 -53 71
11 36 -74
27 -41 -66
-72 38 -67
68 -55 67
40 44 -21
-45 48 -17
25 16 -27
-51 4 -8
4 49 11
11 13 -35
-51 -6 -13
-11 38 39
4 6 -49
-68 -21 -56
19 1 -73
26 -7 69
-17 52 67
57 -43 -15
51 10 -70
-6 -29 23
34 36 -21
-70 33 35
-28 -22 -46
28 0 41
2 0 -31
46 -20 2
25 -60 74
69 -28 -42
48 71 21
-64 68 28
52 -23 70
14 -63 -27
28 68 -6
50 20 -10
51 -4 37
-2 1 4
51 54 -67
36 11 -50
-0 30 -66
20 -42 -15
-24 -0 48
-29 -22 -37
-22 15 -43
54 -56 46
-15 35 73
68 -73 70
66 8 -26
-68 11 28
-32 -15 -13
-12 -2 33
33 -14 17
33 -24 -52
74 15 17
52 -9 -66
-71 51 41
33 5 -16
-62 -27 -33
61 -49 -15
20 -51 36
64 -54 59
44 -53 -36
7 -43 -61
-36 -45 -39
-50 43 3
-3 11 -17
38 15 62
48 -7 44
-43 9 -13
36 38 45
14 -42 25
68 -66 -16
-28 -48 52
-25 58 0
-41 -7 61
-45 -10 74
-58 23 -12
26 -17 3
67 -63 -60
44 -10 6
-73 55 34
11 16 58
-22 -45 59
68 -17 -63
-67 -2 -43
-24 74 61
9 -56 18
17 -8 -38
-46 -22 52
39 -10 -29
-6 16 44
25 36 -63
20 -71 62
-61 2 -42
50 7 30
-12 44 64
52 -54 6
-23 -48 -35
-40 -45 -13
10 -62 -63
52 29 20
66 40 49
36 -3 -63
-62 51 18
11 -62 -52
-31 -61 30
-69 -37 23
-70 1 69
-9 18 -48
34 6 -38
-61 71 -55
-41 7 -47
30 1 51
11 49 -21
62 -27 -28
-46 49 -44
62 8 49
-4 -52 38
62 61 -65
72 44 -43
9 -74 6
-59 -22 -67
-67 -56 -44
62 -4 -6
36 -12 18
55 45 65
-22 -43 -23
23 -11 5
-28 -52 51
-56 -33 42
14 -41 -22
71 17 -21
48 52 18
-66 -11 -28
-47 -1 39

-62 31 -70
50 58 46
-49 -53 73
-5 18 -72
-36 -41 -17
32 -37 -63
13 -22 56
-63 -15 -64
-50 23 -55
-60 16 -63
3 -27 20
-37 -2 52
4 2 -67
71 -11 22
44 -55 68
66 8 -58
-64 14 -62
-12 70 -55
-31 -34 -55
23 -44 47
-19 -31 -23
29 -53 23
-7 -44 -31
-37 -18 44
-73 38 66
-53 63 -11
23 -63 -15
60 -9 -53
-1 25 30
11 -73 16
-28 -29 -3
16 -40 1
1 26 40
29 23 65
-15 -20 14
73 46 42
-24 30 -67
-24 -50 -39
69 42 58
38 -6 32
65 31 21
9 51 -49
61 47 17
-50 -32 -16
12 -39 -59
63 -30 57
17 62 54
-22 30 -68
-0 65 14
60 37 -49
49 -11 12
17 49 53
-35 -63 -59
13 -47 41
-55 -22 6
25 -9 54
23 -15 -52
2 -56 -24
-10 -24 13
-58 -40 29
67 26 29
20 3 -34
-52 37 57
32 -28 -12
-44 -55 46
-34 43 -71
10 23 -72
-15 -1 54
-19 -52 -61
16 -24 -52
42 -54 21
-57 -32 29
-21 41 18
-12 -50 -33
-21 -0 15
3 48 -32
53 -45 20
-27 -21 26
-22 21 11
44 -63 59
-56 10 66
-73 44 -5
-69 1 34
-61 34 -50
23 -27 -19
-66 -65 -68
-61 -68 -33
17 20 3
-3 6 26
-24 -1 -33
14 1 23
71 -30 28
13 48 -49
-3 -67 57
-36 55 26
22 -34 -36
71 13 54
-19 34 16
70 20 17
-31 59 -58
-68 20 17
-62 28 -50
71 48 7
-56 -43 2
8 5 -34
-26 57 62
-67 15 47
3 -34 50
-51 -42 -21
49 -8 -24
-69 56 -33
54 -47 20
7 47 -49
-19 -65 1
14 -30 -28
13 67 -60
58 47 6
-24 68 -55
6 40 -36
-22 -60 46
-6 -51 -59
-44 -20 26
-25 -53 -43
47 -40 13
42 -59 -41
10 -73 -38
36 26 -59
6 -4 74
26 -39 -17
-17 60 15
36 74 -59
20 28 9
15 3 -29
-59 10 -60
63 2 -21
-50 12 -48
61 46 53
-20 -9 -22
-50 -69 -10
-26 -20 -41
28 30 -8
38 -53 52
-72 42 -4
25 -4 -43
59 -71 -55
57 74 39
-9 16 1
-1 10 35
-62 -37 51
2 1 -24
-64 -56 61
-34 -5 -19
59 7 -60
-62 38 8
-22 -10 54
63 -66 -39
-39 23 -44
-34 61 -52
19 -28 -0
16 -34 55
37 -72 43
-21 -62 -15
-29 -6 70
-4 57 47
4 16 -52
29 25 -49
25 -43 -9
-3 -44 61
64 29 34
49 -58 29
-54 44 60
-66 -39 -46
-61 -36 49
-66 -49 -30
49 12 47
-19 74 -64
8 10 41
-33 30 10
-57 50 48
-6 -53 40
-10 1 -66
46 -3 -37
28 31 20
-54 44 -62
42 4 -46
-67 -73 12
61 -72 -71
-39 63 20
-35 -37 -67
-8 -17 -34
-37 17 50
17 28 8
-33 -72 1
11 -41 5
8 60 41
40 71 47
44 61 -39
36 26 68
-6 63 -52
-16 46 -5
-17 42 -0
-34 -7 -18
-53 8 11
-56 47 37
-51 44 -37
-35 -63 -29
52 73 29
6 52 -14
11 -21 -9
-1 23 -64
-18 -23 12
-49 -58 -38
23 1 -24
31 42 4
-36 27 38
-69 2 -73
-27 -46 -3
26 55 -67
48 32 -30
-35 3 -36
-33 4 62
39 54 60
40 49 -5
-56 60 -52
-65 74 20
-72 74 -11
24 62 -52
-44 13 12
71 -58 17
-0 5 -35
-65 1 12
-55 74 -72
29 -32 -8
-51 13 1
2 47 21
1 -50 -43
31 25 57
26 -52 -19
32 -74 37
50 54 39
-49 -25 -7
21 60 57
-44 -43 -8
34 -19 -4
21 20 10
33 -66 -65
-25 -1 -53
-58 7 16
-5 -52 31
65 53 38
-20 -73 -33
-47 11 -7
4 -68 19
-68 41 -73
25 -68 -55
-19 47 9
13 -34 -1
-24 1 -53
40 67 -44
31 42 14
-61 -42 56
-18 73 -35
24 -46 -72
8 -4 -69
59 -35 -23
-7 16 28
-22 13 16
-22 -34 23
12 -49 45
46 -40 43
-24 -59 -36
-4 -49 1
-69 -11 57
-52 -5 42
-31 -33 -5
-10 52 32
-39 -47 17
-37 38 -73
-20 -65 -53
7 60 71
66 47 -30
-49 61 -37
-33 27 49
-12 3 7
-73 40 14
-19 46 -26
18 17 32
59 -64 -72
-56 -61 50
-0 38 7
31 7 -16
53 17 21
-54 8 -31
-34 73 -28
-19 58 11
-56 0 -64
70 21 -56
12 -54 25
1 -73 56
19 -41 -49

0 -22 20
-37 60 50
23 -19 -53
63 -67 10
-24 43 40
-56 23 32
-29 -18 -17
-74 64 29
-32 -9 57
5 57 63
49 10 72
3 -74 22
-23 24 -8
70 8 -3
-9 -26 -12
-8 25 4
0 -41 46
-21 -58 -71
-14 2 -12
38 50 -74
56 74 6
-18 -29 -38
-69 -28 -45
-14 -42 63
-37 43 -45
10 -32 54
-16 28 -8
35 54 22
42 -33 70
-63 -71 -61
64 -7 -35
31 -49 -42
-71 -57 -46
-17 -4 62
67 71 73
-61 -51 -41
-70 -8 -6
-14 23 -49
-41 -33 -50
34 -33 -74
55 10 -29
-13 -31 -50
30 14 55
18 -60 23
-38 41 -60
63 30 -7
5 69 -71
-52 -14 60
4 35 1
8 -61 57
-43 -74 -42
-49 -10 63
55 -56 -14
-69 3 -14
-15 38 20
-32 22 60
-65 -71 -30
28 -53 -58
19 29 54
-72 46 -49
67 57 -9
28 0 59
-30 -28 -27
65 31 37
-37 -59 -48
-39 6 28
36 62 -72
62 38 61
-11 24 -32
-27 -16 -65
-54 -37 1
8 -71 66
-17 -45 47
25 -11 26
-7 44 2
62 -31 34
62 -25 45
20 56 55
-8 52 10
-12 -34 -3
-10 30 -35
-33 4 -9
-14 -63 0
-37 57 -49
60 41 13
-9 -0 -45
26 36 -57
-61 -63 -9
-65 -43 36
66 48 31
72 -30 -12
-46 23 -49
11 -29 25
-42 -43 48
-74 -45 -30
43 70 31
-30 0 -28
44 29 -65
71 -45 -34
-35 20 -31
-71 -67 32
44 -58 17
1 72 -40
68 -12 -46
-49 44 74
5 -56 51
13 10 -9
-54 -7 67
55 29 48
53 56 -33
-24 -41 -21
-68 70 -45
29 -49 42
18 35 -69
52 -71 -27
33 9 -57
41 -34 52
18 -2 -30
-62 29 64
53 -49 -44
41 -48 -8
13 -16 44
-19 -42 -46
-56 52 -32
38 14 7
-9 15 24
61 74 -7
-15 56 63
-52 44 0
0 51 23
38 54 -55
45 -43 -53
51 -13 -19
-62 60 -43
20 -64 -32
-23 73 10
-19 42 34
-68 62 -69
-43 -12 -3
-58 -26 -43
-11 -37 16
-16 50 -71
7 47 -30
-69 -73 4
63 -33 -16
-29 -18 -43
-61 -36 45
-32 -61 -30
-21 -62 -5
-50 -52 0
-20 -16 -47
-4 -8 70
-65 -18 -74
67 -48 5
6 -4 0
-35 19 41
63 -34 52
27 67 21
29 65 56
-73 -32 45
3 -26 -7
40 -29 -37
11 -2 14
69 67 6
-17 38 -14
-25 7 -44
44 -51 41
-57 10 -70
-1 -40 15
27 25 -10
16 31 20
24 -71 48
36 56 -18
41 -17 25
-38 31 14
11 -0 -19
58 72 -16
48 54 21
-28 -65 25
50 29 -32
34 37 5
-74 -49 -48
8 -2 28
-31 28 10
-68 11 14
63 13 42
-19 74 -40
32 35 -46
13 -20 -18
-43 69 -61
46 73 -21
72 57 -0
23 -1 -51
-37 -8 -15
32 -41 -30
54 16 43
26 -68 11
36 -64 -61
22 -64 30
62 42 51
39 -27 -46
0 26 -37
66 -11 46
55 -49 -11
34 -20 59
55 -2 11
-12 -49 73
-47 34 25
-47 -8 67
-24 -46 21
59 22 26
37 17 36
38 -48 -4
26 22 74
25 -70 -66
4 -16 14
28 -13 54
-65 -53 38
31 38 -49
-42 -50 10
-44 12 -3
33 3 -4
-27 6 24
70 11 54
-69 -43 14
15 -38 -25
47 -42 29
28 -62 64
32 -60 31
14 63 -47
72 66 54
55 0 -40
38 39 -18
-7 -19 -18
5 -27 44
21 -24 -60
54 -53 44
-24 51 -16
-24 -65 -45
54 -18 0
55 45 52
-2 -21 -33
65 -0 -14
22 26 -41
37 15 38
-40 15 -42
-8 23 0
-50 -7 53
-12 -6 56
26 19 -54
-14 -15 7
25 13 -39
-47 10 -15
47 29 -21
-2 -45 72
53 55 51
-27 62 -33
9 15 -16
-34 25 -54
-43 3 -35
-61 12 -7
-62 -14 29
-53 4 -38
-44 14 47
-24 -3 45
32 -72 66
-27 -41 -61
-7 -71 63
0 33 55
-23 15 63
52 -69 1
15 11 -54
-62 31 -13
25 2 -24
-35 26 27
65 -24 1
14 -12 -36
26 -57 -60
-60 -52 32
-46 -61 42
-29 3 19
-55 10 29
-8 -74 -43
72 -17 -61
-7 41 11
-18 -68 -6
2 -59 41
17 -29 50
10 6 3
63 46 -22
29 52 -17
51 -43 -25
20 -43 55
-21 36 6
-28 -50 53
-7 41 -42
-41 36 74
-45 27 -65
20 29 56
34 51 57

